100635
100681
100682
100683
100724
100787
100789
100802
100837
100842
100848
100889
100911
100914
100939
100943
100946
100947
100949
101004
101037
101042
101044
101046
101059
101061
101063
101144
101257
101278
101282
101287
101304
101336
101338
101362
101379
101390
101396
101399
101461
101471
101477
101496
101498
101518
101546
101549
101559
101584
101608
101612
101619
101624
101634
101668
101685
101692
101708
101738
101752
101756
101762
101774
101851
101853
101857
101917
101923
101950
101984
102042
102043
102046
102081
102123
102125
102139
102154
102159
102182
102230
102244
102253
102308
102309
102317
102337
102403
102422
102431
102434
102445
102471
102502
102504
102515
102607
102629
102659
102671
102684
102697
102747
102759
102760
102818
102822
102839
102847
102849
102870
102915
102924
102935
102945
102978
102982
102988
102990
102993
102995
102997
103083
103174
103178
103199
103211
103227
103236
103338
103415
103416
103422
103423
103428
103528
103560
103639
103679
103687
103754
103762
103764
103766
103770
103772
103776
103778
103780
103805
103811
103860
103917
103937
103939
103980
104027
104029
104031
104047
104105
104114
104140
104159
104180
104202
104233
104272
104339
104440
104449
104584
104586
104628
104641
104648
104704
104713
104726
104734
104742
104752
104785
104843
104903
104909
104936
105010
105130
105136
105249
105266
105491
105572
105626
105991
106923
106977
107035
107093
107123
107127
107133
107225
107271
107385
107493
107561
107563
107767
107867
107925
107967
107969
107978
108005
108039
108094
108105
108107
108144
108236
108249
108352
108354
108356
108371
108393
108404
108415
108421
108435
108475
108478
108499
108503
108512
108514
108598
108611
108613
108693
108773
108775
108777
108807
108809
108887
108902
108925
108945
108957
108972
108980
108995
109027
109029
109066
109072
109080
109082
109085
109087
109151
109153
109187
109189
109228
109231
109233
109243
109251
109331
109334
109360
109370
109376
109386
109559
109566
109592
109612
109614
109620
109626
109660
109686
109708
109738
109742
109772
109810
109818
109820
109882
109884
109888
109902
110012
110020
110062
110074
110106
110116
110148
110164
110174
110244
110263
110286
110304
110347
110372
110423
110441
110479
110564
110584
110590
110594
110631
110642
110643
110662
110671
110684
110713
110715
110721
110733
110739
110917
110919
110931
110951
111023
111029
111091
111093
111103
111139
111163
111191
111211
111250
111283
111305
111311
111313
111337
111370
111630
111696
111698
111778
111956
111958
112008
112052
112056
112066
112104
112274
200877
200916
201113
201469
202188
202210
202528
202636
203328
203390
203408
203468
203490
203827
203952
204058
204375
205368
205648
205666
205958
206034
206048
206126
206160
206247
206304
206403
206532
206627
206743
206776
206847
206877
206892
207025
207276
207285
207350
207399
207422
207535
207645
207650
207683
207827
207911
207971
208069
208073
208093
208294
208387
208421
208527
208565
209671
209709
209827
210079
210301
