100635
100681
100682
100683
100724
100787
100789
100802
101287
104159
104202
104233
104339
104440
104449
104584
104586
104628
104641
104648
104704
104713
104726
104734
104785
104936
105130
105249
105491
105572
105626
105991
106923
106977
107035
107093
107123
107127
107133
107225
107271
107385
107493
107561
107563
107767
107867
107925
107967
107969
107978
108005
108039
108094
108105
108107
108144
108236
108249
108352
108354
108356
108371
108393
108404
108415
108421
108435
108475
108478
108499
108503
108512
108514
108598
108611
108613
108693
108773
108775
108777
108807
108809
108887
108902
108925
108945
108957
108972
108980
108995
109027
109029
109066
109072
109080
109082
109085
109087
109151
109153
109187
109189
109228
109231
109233
109243
109251
109331
109334
109360
109370
109376
109386
109559
109566
109592
109612
109614
109620
109626
109660
109686
109708
109738
109742
109772
109810
109818
109820
109882
109884
109888
109902
110012
110020
110062
110074
110106
110116
110148
110164
110174
110244
110263
110286
110304
110347
110372
110423
110441
110479
110564
110584
110590
110594
110631
110642
110643
110662
110671
110684
110713
110715
110721
110733
110739
110917
110919
110931
110951
111023
111029
111091
111093
111103
111139
111163
111191
111211
111250
111283
111305
111311
111313
111337
111370
111630
111696
111698
111778
111956
111958
112008
112052
112056
112066
112104
112274
201113
203827
203952
204375
205368
205648
205666
205958
206034
206048
206126
206160
206247
206304
206403
206532
206627
206743
206776
206847
206877
206892
207025
207276
207285
207350
207399
207422
207535
207645
207650
207683
207827
207911
207971
208069
208073
208093
208294
208387
208421
208527
208565
209671
209709
209827
210079
210301
