100635
100681
100682
100683
100724
100787
100789
100802
100837
100842
100848
100889
100911
100914
100939
100946
100947
100949
101004
101037
101042
101044
101046
101059
101063
101257
101278
101282
101287
101304
101336
101338
101362
101379
101390
101396
101399
101461
101471
101477
101496
101498
101518
101546
101549
101584
101608
101612
101619
101624
101634
101668
101685
101692
101738
101752
101756
101762
101774
101851
101853
101857
101923
101950
101984
102042
102043
102046
102081
102123
102154
102159
102182
102230
102253
102308
102309
102317
102337
102403
102422
102431
102434
102445
102471
102502
102504
102515
102607
102629
102659
102671
102684
102697
102747
102759
102760
102818
102822
102839
102847
102849
102924
102935
102945
102978
102982
102988
102990
102993
102995
102997
103174
103178
103199
103211
103227
103236
103338
103415
103416
103422
103423
103528
103560
103639
103679
103687
103754
103762
103764
103766
103770
103772
103776
103778
103780
103805
103811
103860
103917
103937
103939
103980
104029
104031
104047
104105
104114
104140
104159
104180
104202
104233
104272
104339
104440
104449
104584
104586
104628
104641
104648
104704
104713
104726
104734
104742
104752
104769
104785
104843
104845
104847
104866
104903
104909
104936
104979
105010
105019
105077
105081
105109
105128
105130
105136
105163
105169
105193
105249
105266
200877
200916
201469
202188
202210
202528
202636
203328
203390
203408
203468
203490
203952
203990
204058
204375